function f = wEstimator2(W)
% x = XY_NN(:,1);
% y = XY_NN(:,2);
% u = U;
% f = bsxfun(@minus,(W(1)^2+W(3)^2)*x.^2 + (W(2)^2+W(4)^2)*y.^2+(W(1)*W(2)+W(3)*W(4))*2*x.*y,u);


f = [(W(1)^2+W(3)^2)*(0)^2 + (W(2)^2+W(4)^2)*(1)^2 + (W(1)*W(2)+W(3)*W(4))*2*(0)*(1) - (2.283165954327488e-06);
     (W(1)^2+W(3)^2)*(0)^2 + (W(2)^2+W(4)^2)*(1)^2 + (W(1)*W(2)+W(3)*W(4))*2*(0)*(1) - (5.64629197537089e-06);
     (W(1)^2+W(3)^2)*(-1)^2+ (W(2)^2+W(4)^2)*(0)^2 + (W(1)*W(2)+W(3)*W(4))*2*(-1)*(0) - (4.287278292014951e-07);
     (W(1)^2+W(3)^2)*(-1)^2+ (W(2)^2+W(4)^2)*(0)^2 + (W(1)*W(2)+W(3)*W(4))*2*(-1)*(0) - (1.173842420407014e-05);
     (W(1)^2+W(3)^2)*(0)^2 + (W(2)^2+W(4)^2)*(-1)^2 + (W(1)*W(2)+W(3)*W(4))*2*(0)*(-1) - (1.878147872651222e-06);
     (W(1)^2+W(3)^2)*(0)^2 + (W(2)^2+W(4)^2)*(-1)^2 + (W(1)*W(2)+W(3)*W(4))*2*(0)*(-1) - (5.646291975370886e-06);
     (W(1)^2+W(3)^2)*(1)^2 + (W(2)^2+W(4)^2)*(0)^2 + (W(1)*W(2)+W(3)*W(4))*2*(1)*(0) - (1.507246274536506e-06);
     (W(1)^2+W(3)^2)*(1)^2 + (W(2)^2+W(4)^2)*(0)^2 + (W(1)*W(2)+W(3)*W(4))*2*(1)*(0) - (4.558778902189813e-06)];
end